Spike = '\
	0.383710980,   -0.340277970,    0.858474672,\
	-0.630231142,    0.582982898,    0.512771010,\
	-0.674961030,   -0.737796545,    0.009245062,\
	0.000127599,   -0.001610130, -831.246093750,\
	39.596191406,  -35.273906708,  621.647460938,\
	644.363037109, 1018.354980469,  -20.000000000'

RbRd = '\
	-0.836044729, -0.405688703, -0.369356036,\
	-0.241647899, -0.332100242, 0.911761224,\
	-0.492555499, 0.851524234, 0.179614663,\
	0.000506014, -0.000346400, -440.688690186,\
	108.720718384, 103.649841309, 122.146865845,\
	276.631378174, 604.726135254, -20.000000000'

h7k3t = '\
	0.614947677,    0.194038898,   -0.764318526,\
	0.003604150,   -0.969932616,   -0.243339106,\
	-0.788559139,    0.146883518,   -0.597157836,\
	-0.000001075,    0.000017576, -205.557449341,\
	-1.489251375,    3.717334032,    0.597086787,\
	162.659133911,  248.455825806,  -20.000000000'
h6xdc = '\
	-0.582800031,   -0.219071895,    0.782524884,\
	-0.810801029,    0.092522077,   -0.577955604,\
	0.054212410,   -0.971304417,   -0.231546298,\
	-0.000000000,    0.000000000, -261.981323242,\
	145.534881592,  145.537384033,  155.249221802,\
	208.315750122,  315.646789551,  -20.000000000'

m6vxx = '\
	-0.907832801,   -0.046564423,    0.416738749,\
	0.418682694,   -0.045262378,    0.907000482,\
	-0.023374071,    0.997886002,    0.060585774,\
	-0.000611069,   -0.001020342, -493.161987305,\
	210.912017822,  210.040603638,  195.644897461,\
	383.836334229,  601.994995117,  -20.000000000'

m6wpt = '\
	0.999163270,   -0.017371422,   -0.036926728,\
	-0.028607592,    0.347374260,   -0.937285125,\
	0.029112551,    0.937556565,    0.346588939,\
	0.000000000,    0.000000000, -550.283264160,\
	208.063812256,  211.294097900,  207.957550049,\
	447.312255859,  653.254272461,  -20.000000000'